100
2 3 2
1 1 1
2 1 2
3 2 3
70 8 70
10 5 10
11 3 11
49 7 49
55 6 55
56 3 56
31 8 31
61 7 61
43 1 43
54 9 54
22 6 22
68 1 68
13 14 13
2 4 2
26 8 26
88 9 88
65 6 65
25 11 25
100 3 100
1 17 1
50 9 50
66 8 66
11 11 11
100 4 100
72 5 72
81 1 81
1 3 1
19 8 19
65 2 65
72 1 72
1 2 1
62 8 62
88 1 88
30 7 30
17 8 17
38 2 38
1 61 1
80 8 80
2 59 2
40 1 40
14 7 14
3 1 3
2 2 2
1 59 1
10 18 10
4 1 4
30 6 30
94 1 94
1 100 1
80 4 80
8 16 8
100 2 100
82 7 82
48 10 48
3 37 3
3 3 3
79 6 79
2 12 2
4 2 4
59 8 59
40 10 40
27 3 27
47 2 47
1 41 1
26 9 26
16 14 16
50 4 50
4 4 4
1 4 1
15 9 15
32 4 32
58 4 58
24 5 24
100 1 100
18 1 18
16 1 16
100 9 100
4 29 4
57 4 57
48 7 48
33 9 33
45 1 45
84 4 84
16 10 16
61 8 61
12 1 12
1 25 1
6 6 6
58 3 58
35 10 35
60 9 60
31 12 31
1 89 1
4 3 4
68 4 68
3 4 3
